850.0 0.0233963076
849.5 0.02404736355
849.0 0.02334995009
848.5 0.02347816154
848.0 0.02355757169
847.5 0.02449391223
847.0 0.02463996969
846.5 0.02444113977
846.0 0.0246346537
845.5 0.02506239153
845.0 0.02515462786
844.5 0.02549958043
844.0 0.02552478202
843.5 0.0261759609
843.0 0.02607130259
842.5 0.02630762197
842.0 0.0276002083
841.5 0.02716963552
841.0 0.02747388929
840.5 0.02749730274
840.0 0.0282304734
839.5 0.02866486646
839.0 0.0285662692
838.5 0.0289820414
838.0 0.02939923666
837.5 0.02978722379
837.0 0.03059426136
836.5 0.03074560873
836.0 0.03112228587
835.5 0.03094859794
835.0 0.0310028065
834.5 0.03191796318
834.0 0.03207897022
833.5 0.032702934
833.0 0.03288564831
832.5 0.03344671428
832.0 0.03397542238
831.5 0.03438186646
831.0 0.03394843638
830.5 0.03451564535
830.0 0.03532647341
829.5 0.03502536938
829.0 0.03521860391
828.5 0.03583582863
828.0 0.03727577627
827.5 0.03676515445
827.0 0.03677329421
826.5 0.03797437623
826.0 0.03722808138
825.5 0.0387173146
825.0 0.03869303688
824.5 0.03878546506
824.0 0.03860158473
823.5 0.03905528784
823.0 0.0393989943
822.5 0.03933962062
822.0 0.04009818658
821.5 0.04009318724
821.0 0.04027889669
820.5 0.04020537063
820.0 0.04062618688
819.5 0.0415475741
819.0 0.04085839167
818.5 0.04147873074
818.0 0.0407996662
817.5 0.04111755267
817.0 0.04168477654
816.5 0.04226207361
816.0 0.04225165769
815.5 0.04197499529
815.0 0.04199247435
814.5 0.04185925052
814.0 0.041802302
813.5 0.04297460616
813.0 0.04191771895
812.5 0.04256572574
812.0 0.04218638688
811.5 0.04233181104
811.0 0.04201677069
810.5 0.04197693616
810.0 0.04201537371
809.5 0.04151470214
809.0 0.04122692347
808.5 0.0417092815
808.0 0.04136323184
807.5 0.0413986221
807.0 0.04116436467
806.5 0.04076477885
806.0 0.04007802904
805.5 0.0408446826
805.0 0.04083390534
804.5 0.04025838897
804.0 0.03928229213
803.5 0.03974904492
803.0 0.03930870071
802.5 0.0392059572
802.0 0.03949761763
801.5 0.03883205727
801.0 0.03836933896
800.5 0.03812099621
800.0 0.0383477658
799.166687 0.0369255431
798.333374 0.03677723929
797.5 0.03644295037
796.666687 0.0359317027
795.833374 0.03539533168
795.0 0.03498499095
794.166687 0.03466090932
793.333374 0.03372180089
792.5 0.03382711485
791.666687 0.03292407095
790.833374 0.03290415928
790.0 0.03208744153
789.166687 0.03111171909
788.333374 0.03049764223
787.5 0.03008751944
786.666687 0.02954379469
785.833374 0.02899925411
785.0 0.02847739682
784.166687 0.02747058123
783.333374 0.02760172449
782.5 0.0270086769
781.666687 0.0265774224
780.833374 0.02633564733
780.0 0.02581791393
779.166687 0.02547193877
778.333374 0.0255204998
777.5 0.02489483729
776.666687 0.02476604097
775.833374 0.02460213564
775.0 0.02371887118
774.166687 0.02386108413
773.333374 0.02365711518
772.5 0.02383841388
771.666687 0.02329258993
770.833374 0.0229638759
770.0 0.02258332632
769.166687 0.02192411199
768.333374 0.0213424582
767.5 0.02079433016
766.666687 0.02032636665
765.833374 0.02013139986
765.0 0.01954374649
764.166687 0.01891754381
763.333374 0.01813667268
762.5 0.01786459051
761.666687 0.01715047471
760.833374 0.01668276079
760.0 0.01648019999
759.166687 0.01605486497
758.333374 0.01569792442
757.5 0.01595675386
756.666687 0.01559213921
755.833374 0.0158398971
755.0 0.01572318003
754.166687 0.0156063335
753.333374 0.01606107131
752.5 0.01627768017
751.666687 0.0164715685
750.833374 0.01711864769
750.0 0.01742542349
749.166687 0.01790642925
748.333374 0.01866334863
747.5 0.01915254444
746.666687 0.01989698038
745.833374 0.02031535283
745.0 0.02119084634
744.166687 0.02178830095
743.333374 0.02262815647
742.5 0.02308621444
741.666687 0.0242400188
740.833374 0.02462396957
740.0 0.02545535937
739.166687 0.0260080304
738.333374 0.02649655007
737.5 0.02716561221
736.666687 0.02774160169
735.833374 0.02801152132
735.0 0.02855985612
734.166687 0.02893156931
733.333374 0.0292379763
732.5 0.0296780616
731.666687 0.03010255657
730.833374 0.02995664813
730.0 0.03024884686
729.166687 0.0301520545
728.333374 0.03031207249
727.5 0.03026910685
726.666687 0.03019428812
725.833374 0.02978697419
725.0 0.029986104
724.166687 0.02989774384
723.333374 0.02976033278
722.5 0.02955775894
721.666687 0.02938774228
720.833374 0.02926281281
720.0 0.02916131169
719.166687 0.02919589169
718.333374 0.02899037115
717.5 0.02878558449
716.666687 0.02857909724
715.833374 0.02819594555
715.0 0.02809190378
714.166687 0.02770396508
713.333374 0.02752046846
712.5 0.02699988894
711.666687 0.02689373866
710.833374 0.02628452145
710.0 0.02571770921
709.166687 0.02514867485
708.333374 0.02464501001
707.5 0.0241375789
706.666687 0.02343969233
705.833374 0.02283278666
705.0 0.02248301916
704.166687 0.02205274813
703.333374 0.02146754973
702.5 0.0213369932
701.666687 0.02091831341
700.833374 0.02074998803
700.0 0.02057385631
699.166687 0.02048223466
698.333374 0.02060338855
697.5 0.02052997053
696.666687 0.02080185339
695.833374 0.02100269124
695.0 0.02139502019
694.166687 0.02184410207
693.333374 0.02247879468
692.5 0.02331659943
691.666687 0.02401540801
690.833374 0.02490418404
690.0 0.02602608874
689.166687 0.02714698389
688.333374 0.02839089185
687.5 0.03004940227
686.666687 0.03164997697
685.833374 0.03350330889
685.0 0.03584321961
684.166687 0.03810726479
683.333374 0.04068554193
682.5 0.04343473539
681.666687 0.04612938315
680.833374 0.04876505584
680.0 0.05125142634
679.166687 0.05380704999
678.333374 0.05661560595
677.5 0.05929271877
676.666687 0.06225314364
675.833374 0.06482560188
675.0 0.06725113094
674.166687 0.0693057254
673.333374 0.07067252696
672.5 0.07153898478
671.666687 0.07206372172
670.833374 0.07236699015
670.0 0.07244638354
669.166687 0.07247256488
668.333374 0.07255968451
667.5 0.07271702588
666.666687 0.07286930829
665.833374 0.0730105266
665.0 0.07309536636
664.166687 0.07287307084
663.333374 0.07283933461
662.5 0.07274647057
661.666687 0.07282767445
660.833374 0.072955437
660.0 0.07330517471
659.166687 0.07383681089
658.333374 0.07477599382
657.5 0.07568051666
656.666687 0.07668484747
655.833374 0.07768952847
655.0 0.07864708453
654.166687 0.07927622646
653.333374 0.07961156964
652.5 0.07931832969
651.666687 0.07836800814
650.833374 0.07668250054
650.0 0.07438822836
649.166687 0.07160192728
648.333374 0.06840854883
647.5 0.06484188884
646.666687 0.06107530743
645.833374 0.05732728913
645.0 0.05376242846
644.166687 0.05006903037
643.333374 0.04652313516
642.5 0.04342300445
641.666687 0.04016410932
640.833374 0.03731692955
640.0 0.03459976614
639.166687 0.03192944452
638.333374 0.02952520177
637.5 0.02728464641
636.666687 0.02511905134
635.833374 0.02322387882
635.0 0.02133199014
634.166687 0.01961919107
633.333374 0.01818320528
632.5 0.01678192429
631.666687 0.01542133186
630.833374 0.0142380977
630.0 0.01329353359
629.166687 0.01225906517
628.333374 0.01135649346
627.5 0.01034600195
626.666687 0.00965167582
625.833374 0.008832797408
625.0 0.008171296678
624.166687 0.007462370209
623.333374 0.006804687902
622.5 0.006201904733
621.666687 0.00562982494
620.833374 0.004944825079
620.0 0.004471809603
619.166687 0.003860396333
618.333374 0.003602462122
617.5 0.003166288836
616.666687 0.002673899755
615.833374 0.002380019985
615.0 0.002036063001
614.166687 0.001735571073
613.333374 0.001611306565
612.5 0.001392929116
611.666687 0.00122572016
610.833374 0.001143255853
610.0 0.0009503292385
609.166687 0.0008797449409
608.333374 0.0009208074771
607.5 0.0009192510042
606.666687 0.0009843154112
605.833374 0.0008755947929
605.0 0.0008206611383
604.166687 0.0007267609471
603.333374 0.0006207488477
602.5 0.0007274351083
601.666687 0.0005040332908
600.833374 0.0006647164701
600.0 0.0004831714032
599.166687 0.0003329952888
598.333374 0.0003300679382
597.5 0.0002634955454
596.666687 0.0001259793935
595.833374 0.0001311581145
595.0 -7.418284804e-05
594.166687 -0.0001461793436
593.333374 -0.000116885305
592.5 -0.0001706067851
591.666687 -0.0002129892819
590.833374 -0.0003135729348
590.0 -0.000314504141
589.166687 -0.0004185297003
588.333374 -0.000361942075
587.5 -0.0003702185932
586.666687 -0.0001647070603
585.833374 -6.838534318e-05
585.0 -2.122597471e-05
584.166687 0.0001516664779
583.333374 0.0003396272368
582.5 0.0006558759487
581.666687 0.0008407871355
580.833374 0.001192208263
580.0 0.001502013183
579.166687 0.002022019122
578.333374 0.002409016248
577.5 0.002880596556
576.666687 0.003467355389
575.833374 0.004051589407
575.0 0.004695116542
574.166687 0.005374637898
573.333374 0.00605842704
572.5 0.006870534737
571.666687 0.007644275203
570.833374 0.008672364987
570.0 0.009401152842
569.166687 0.01040294953
568.333374 0.01151260454
567.5 0.01289261226
566.666687 0.0142978318
565.833374 0.01583085023
565.0 0.01770895906
564.166687 0.01940426417
563.333374 0.02119239606
562.5 0.0228012763
561.666687 0.0244405102
560.833374 0.02566640824
560.0 0.02680454589
559.166687 0.02763455175
558.333374 0.0284530744
557.5 0.02880627476
556.666687 0.0291735772
555.833374 0.02915500104
555.0 0.02916643396
554.166687 0.0287943799
553.333374 0.02877225168
552.5 0.02854199708
551.666687 0.02840689197
550.833374 0.0284196604
550.0 0.02851780877
549.166687 0.02827542089
548.333374 0.02854760922
547.5 0.02855236456
546.666687 0.02845658362
545.833374 0.02826345898
545.0 0.02757428028
544.166687 0.02682296745
543.333374 0.02599192597
542.5 0.02483749203
541.666687 0.0236788746
540.833374 0.02253626473
540.0 0.02160995267
539.166687 0.02060273662
538.333374 0.02002664283
537.5 0.01920329966
536.666687 0.01847550087
535.833374 0.01790691353
535.0 0.01730550453
534.166687 0.01664502174
533.333374 0.0158869382
532.5 0.01511060726
531.666687 0.014231598
530.833374 0.01326011773
530.0 0.01251825038
529.166687 0.01193537377
528.333374 0.01132808905
527.5 0.01135125943
526.666687 0.01124756318
525.833374 0.01139651239
525.0 0.01169937849
524.166687 0.0122588519
523.333374 0.01269197091
522.5 0.01316207554
521.666687 0.0136761507
520.833374 0.01390344091
520.0 0.01429435425
519.166687 0.01458527427
518.333374 0.01511862129
517.5 0.01546754781
516.666687 0.01601973362
515.833374 0.01655532978
515.0 0.0169793237
514.166687 0.01733823679
513.333374 0.01768256165
512.5 0.01819578372
511.666687 0.01851307414
510.833374 0.01909527741
510.0000305 0.01974329911
509.166687 0.02033447847
508.333374 0.0213042032
507.5000305 0.02234174684
506.666687 0.02304234542
505.833374 0.0236977376
505.0000305 0.02341526747
504.166687 0.02234180085
503.333374 0.02091125026
502.5000305 0.01954599284
501.666687 0.01796710119
500.833374 0.01652841084
500.0000305 0.01560303289
499.166687 0.01458934322
498.333374 0.01407942735
497.5000305 0.0133863464
496.666687 0.01304567512
495.833374 0.01280736923
495.0000305 0.01297301799
494.166687 0.01335583348
493.333374 0.01393252145
492.5000305 0.01464468148
491.666687 0.01574655995
490.833374 0.01696823351
490.0000305 0.0185656175
489.166687 0.02021464705
488.333374 0.02210318856
487.5000305 0.02436797321
486.666687 0.02672203444
485.833374 0.02986926585
485.0000305 0.03342734277
484.166687 0.03777968511
483.333374 0.04269677028
482.5000305 0.04833619297
481.666687 0.05415143818
480.833374 0.06015074998
480.0000305 0.06626497209
479.166687 0.07221568376
478.333374 0.07774302363
477.5000305 0.08235931396
476.666687 0.08609754592
475.833374 0.08827742934
475.0000305 0.08981638402
474.166687 0.09088110924
473.333374 0.09310892969
472.5000305 0.09769535065
471.666687 0.1053821743
470.833374 0.114089787
470.0000305 0.1183453575
469.166687 0.1137449816
468.333374 0.1006519422
467.5000305 0.08486495167
466.666687 0.07180609554
465.833374 0.06237792224
465.0000305 0.0554943867
464.166687 0.05069490895
463.333374 0.04678662494
462.5000305 0.04388455674
461.666687 0.04136072472
460.833374 0.0396299772
460.0000305 0.0382056199
459.166687 0.03753179312
458.333374 0.03688380495
457.5000305 0.0365716517
456.666687 0.03654715046
455.833374 0.03684869409
455.0000305 0.03716680035
454.166687 0.03789208829
453.333374 0.03861052543
452.5000305 0.03969713673
451.666687 0.04094095901
450.833374 0.04196612909
450.0000305 0.04317135736
449.166687 0.04410200194
448.333374 0.04467374459
447.5000305 0.04513892159
446.666687 0.04501118883
445.833374 0.04441821575
445.0000305 0.04346025363
444.166687 0.0422087796
443.333374 0.04036152363
442.5000305 0.03842572868
441.666687 0.03667213768
440.833374 0.03502315283
440.0000305 0.03376821429
439.166687 0.03244444728
438.333374 0.03192323074
437.5000305 0.03173944727
436.666687 0.03200620785
435.833374 0.03285300732
435.0000305 0.03434121236
434.166687 0.03600104898
433.333374 0.03825172409
432.5000305 0.04047428444
431.666687 0.0429844968
430.833374 0.04517163709
430.0000305 0.04839588702
429.166687 0.05199763924
428.333374 0.0566355139
427.5000305 0.06191424653
426.666687 0.06700649858
425.833374 0.06925018877
425.0000305 0.06685607135
424.166687 0.06029562652
423.333374 0.05171653628
422.5000305 0.04417888448
421.666687 0.03914836422
420.833374 0.03635073453
420.0000305 0.03579644486
419.166687 0.03632703424
418.333374 0.03796824813
417.5000305 0.04045732319
416.666687 0.0431837365
415.833374 0.04597272351
415.0000305 0.04905657098
414.166687 0.05207765102
413.333374 0.05522423983
412.5000305 0.0585379079
411.666687 0.06155574694
410.833374 0.06566203386
410.0000305 0.06916788965
409.166687 0.07374556363
408.333374 0.07846565545
407.5000305 0.0830481723
406.666687 0.08649794012
405.833374 0.08718627691
405.0000305 0.08649107814
404.166687 0.08561567962
403.333374 0.08640598506
402.5000305 0.08864446729
401.666687 0.09119660407
400.833374 0.09274207801
400.0000305 0.09301752597
399.166687 0.09343390912
398.333374 0.09428939968
397.5000305 0.09611590207
396.666687 0.09828556329
395.833374 0.1007742882
395.0000305 0.1033155769
394.166687 0.105973281
393.333374 0.1082379073
392.5000305 0.1107151434
391.666687 0.1132300124
390.833374 0.1148459166
390.0000305 0.1167409196
389.166687 0.1184714586
388.333374 0.1201769337
387.5000305 0.1218314171
386.666687 0.1238941625
385.833374 0.1262543499
385.0000305 0.1286434531
384.166687 0.1310171634
383.333374 0.1339476556
382.5000305 0.1369012594
381.666687 0.140654847
380.833374 0.1443077922
380.0000305 0.1486015022
