PuV  3.0E-4M in ???
410.38201900  0.00141710
411.19619750  0.00092880
412.01037600  0.00112380
412.82455440  0.00154740
413.63873290  0.00221100
414.45294190  0.00125390
415.26712040  0.00208820
416.08129880  0.00155920
416.89547730  0.00141510
417.70965580  0.00197590
418.52383420  0.00293790
419.33801270  0.00211330
420.15219120  0.00182880
420.96636960  0.00226210
421.78057860  0.00177800
422.59475710  0.00207450
423.40893550  0.00253560
424.22311400  0.00224050
425.03729250  0.00186320
425.85147090  0.00122170
426.66564940  0.00140630
427.47982790  0.00156660
428.29400630  0.00144310
429.10821530  0.00063970
429.92239380  0.00090320
430.73657230  0.00133730
431.55075070  0.00077510
432.36492920  0.00062870
433.17910770  0.00118260
433.99328610  0.00098120
434.80746460  0.00084180
435.62164310  0.00093240
436.43585210  0.00043460
437.25003050  0.00120350
438.06420900  0.00081650
438.87838750  0.00067170
439.69256590  0.00088340
440.50674440  0.00118820
441.32092290  0.00099320
442.13510130  0.00119400
442.94927980  0.00133910
443.76348880  0.00154330
444.57766720  0.00096640
445.39184570  0.00145120
446.20602420  0.00126660
447.02020260  0.00163770
447.83438110  0.00144720
448.64855960  0.00162580
449.46273800  0.00166550
450.27694700  0.00197050
451.09112550  0.00166930
451.90530400  0.00150350
452.71948240  0.00183410
453.53366090  0.00143890
454.34783940  0.00165210
455.16201780  0.00176920
455.97619630  0.00146730
456.79037480  0.00191630
457.60458370  0.00163150
458.41876220  0.00134870
459.23294070  0.00127610
460.04711910  0.00134420
460.86129760  0.00119820
461.67547610  0.00111870
462.48965450  0.00139000
463.30383300  0.00105800
464.11801150  0.00110610
464.93222050  0.00121500
465.74639890  0.00106330
466.56057740  0.00108180
467.37475590  0.00094010
468.18893430  0.00101280
469.00311280  0.00091870
469.81729130  0.00099770
470.63146970  0.00115180
471.44564820  0.00098770
472.25985720  0.00123780
473.07403560  0.00115330
473.88821410  0.00119220
474.70239260  0.00135770
475.51657100  0.00129160
476.33074950  0.00140990
477.14492800  0.00140630
477.95910640  0.00146820
478.77328490  0.00137450
479.58749390  0.00127980
480.40167240  0.00161950
481.21585080  0.00156740
482.03002930  0.00166930
482.84420780  0.00154710
483.65838620  0.00200330
484.47256470  0.00210230
485.28674320  0.00213710
486.10092160  0.00211150
486.91513060  0.00192310
487.72930910  0.00163060
488.54348750  0.00149960
489.35766600  0.00116290
490.17184450  0.00087960
490.98602290  0.00087180
491.80020140  0.00040450
492.61437990  0.00035780
493.42855830  0.00027560
494.24276730  0.00023410
495.05694580  0.00015430
495.87112430  0.00017850
496.68530270  0.00018750
497.49948120  0.00027900
498.31365970  0.00024970
499.12783810  0.00030750
499.94201660  0.00031970
500.75619510  0.00022470
501.57040410  0.00044830
502.38458250  0.00046300
503.19876100  0.00062930
504.01293950  0.00071980
504.82711790  0.00072940
505.64129640  0.00082910
506.45547490  0.00088190
507.26965330  0.00123900
508.08383180  0.00127000
508.89804080  0.00137260
509.71221920  0.00150030
510.52639770  0.00166980
511.34057620  0.00158990
512.15478520  0.00190030
512.96893310  0.00200140
513.78314210  0.00216050
514.59729000  0.00228220
515.41149900  0.00254290
516.22564700  0.00284280
517.03985600  0.00287710
517.85400390  0.00304400
518.66821290  0.00295840
519.48242190  0.00295010
520.29656980  0.00276910
521.11077880  0.00260680
521.92492680  0.00213670
522.73913570  0.00195950
523.55328370  0.00169780
524.36749270  0.00139670
525.18164060  0.00125500
525.99584960  0.00104400
526.81005860  0.00092330
527.62420650  0.00090890
528.43841550  0.00083060
529.25256350  0.00085340
530.06677250  0.00087910
530.88092040  0.00090370
531.69512940  0.00089250
532.50927730  0.00097740
533.32348630  0.00089200
534.13769530  0.00097850
534.95184330  0.00107960
535.76605220  0.00121320
536.58020020  0.00118590
537.39440920  0.00125080
538.20855710  0.00136590
539.02276610  0.00135790
539.83691410  0.00155440
540.65112300  0.00157930
541.46533200  0.00171770
542.27948000  0.00182750
543.09368900  0.00193840
543.90783690  0.00210380
544.72204590  0.00230710
545.53619380  0.00248340
546.35040280  0.00263890
547.16455080  0.00288420
547.97875980  0.00303390
548.79296880  0.00316350
549.60711670  0.00339440
550.42132570  0.00358630
551.23547360  0.00360050
552.04968260  0.00379240
552.86383060  0.00371290
553.67803960  0.00381490
554.49218750  0.00366700
555.30639650  0.00352720
556.12060550  0.00338920
556.93475340  0.00320180
557.74896240  0.00309120
558.56311040  0.00304890
559.37731930  0.00315350
560.19146730  0.00330380
561.00567630  0.00360970
561.81982420  0.00413390
562.63403320  0.00483540
563.44824220  0.00585630
564.26239010  0.00704220
565.07659910  0.00846740
565.89074710  0.00965640
566.70495610  0.01056020
567.51910400  0.01114560
568.33331300  0.01102360
569.14746090  0.01052590
569.96166990  0.00979330
570.77587890  0.00865330
571.59002690  0.00746170
572.40423580  0.00633100
573.21838380  0.00514870
574.03259280  0.00425510
574.84674070  0.00341740
575.66094970  0.00271090
576.47509770  0.00216450
577.28930660  0.00175300
578.10351560  0.00146300
578.91766360  0.00119210
579.73187260  0.00090980
580.54602050  0.00086150
581.36022950  0.00064230
582.17437740  0.00057390
582.98858640  0.00047740
583.80273440  0.00054770
584.61694340  0.00046290
585.43115230  0.00036400
586.24530030  0.00040000
587.05950930  0.00037680
587.87365720  0.00037800
588.68786620  0.00037770
589.50201420  0.00047220
590.31622310  0.00052380
591.13037110  0.00055010
591.94458010  0.00058680
592.75878910  0.00063820
593.57293700  0.00063020
594.38714600  0.00064850
595.20129390  0.00071390
596.01550290  0.00065430
596.82965090  0.00069220
597.64385990  0.00070490
598.45800780  0.00072670
599.27221680  0.00074560
600.08642580  0.00069350
600.90057370  0.00080600
601.71478270  0.00078190
602.52893070  0.00074710
603.34313960  0.00077730
604.15728760  0.00086420
604.97149660  0.00077740
605.78564450  0.00074720
606.59985350  0.00077500
607.41406250  0.00080220
608.22821040  0.00089000
609.04241940  0.00096630
609.85656740  0.00097130
610.67077640  0.00094730
611.48492430  0.00104480
612.29913330  0.00098410
613.11328130  0.00097640
613.92749020  0.00091440
614.74169920  0.00097480
615.55584720  0.00094210
616.37005620  0.00101450
617.18420410  0.00104850
617.99841310  0.00100260
618.81256100  0.00112920
619.62677000  0.00108740
620.44091800  0.00110500
621.25512700  0.00122690
622.06933590  0.00117180
622.88348390  0.00126680
623.69769290  0.00137510
624.51184080  0.00135000
625.32604980  0.00139750
626.14019780  0.00136530
626.95440670  0.00142270
627.76855470  0.00147130
628.58276370  0.00140370
629.39697270  0.00146980
630.21112060  0.00145670
631.02532960  0.00146460
631.83947750  0.00139950
632.65368650  0.00139210
633.46783450  0.00136700
634.28204350  0.00133000
635.09625240  0.00133370
635.91040040  0.00128240
636.72460940  0.00124720
637.53875730  0.00116340
638.35296630  0.00116740
639.16711430  0.00110120
639.98132320  0.00105940
640.79547120  0.00104790
641.60968020  0.00101440
642.42388920  0.00093690
643.23803710  0.00098630
644.05224610  0.00087750
644.86639400  0.00090040
645.68060300  0.00091410
646.49475100  0.00091710
647.30896000  0.00087870
648.12310790  0.00087390
648.93731690  0.00089910
649.75152590  0.00081020
650.56567380  0.00078230
651.37988280  0.00074020
652.19403080  0.00077730
653.00823970  0.00073360
653.82238770  0.00080430
654.63659670  0.00090710
655.45074460  0.00094250
656.26495360  0.00102740
657.07916260  0.00114330
657.89331050  0.00111240
658.70751950  0.00114800
659.52166750  0.00109450
660.33587650  0.00093230
661.15002440  0.00078490
661.96423340  0.00061160
662.77838130  0.00051430
663.59259030  0.00046250
664.40679930  0.00039810
665.22094730  0.00029550
666.03515630  0.00022930
666.84930420  0.00020950
667.66351320  0.00019260
668.47766110  0.00016570
669.29187010  0.00025040
670.10601810  0.00018680
670.92022710  0.00016240
671.73443600  0.00018390
672.54858400  0.00024850
673.36279300  0.00027510
674.17694090  0.00031300
674.99114990  0.00024400
675.80529790  0.00024310
676.61950680  0.00026010
677.43365480  0.00022870
678.24786380  0.00023310
679.06207280  0.00017500
679.87622070  0.00025220
680.69042970  0.00027440
681.50457760  0.00028030
682.31878660  0.00025170
683.13293460  0.00025750
683.94714360  0.00020790
684.76129150  0.00023300
685.57550050  0.00012970
686.38970950 -0.00001860
687.20385740  0.00000021
688.01806640 -0.00004560
688.83221440  0.00000851
689.64642330  0.00001390
690.46057130 -0.00004300
691.27478030 -0.00001040
692.08892820 -0.00001780
692.90313720 -0.00002130
693.71734620 -0.00003080
694.53149410  0.00000634
695.34570310 -0.00001120
696.15985110  0.00002220
696.97406010  0.00002410
697.78820800  0.00004350
698.60241700  0.00002520
699.41656490  0.00001890
700.23077390  0.00006310
701.04498290  0.00013680
701.85913090  0.00010190
702.67333980  0.00012510
703.48748780  0.00011700
704.30169680  0.00014090
705.11584470  0.00014040
705.93005370  0.00015830
706.74420170  0.00023490
707.55841060  0.00029300
708.37261960  0.00050090
709.18676760  0.00060130
710.00097660  0.00050260
710.81512450  0.00049290
711.62933350  0.00047450
712.44348140  0.00052190
713.25769040  0.00051470
714.07183840  0.00054800
714.88604740  0.00060270
715.70025630  0.00059390
716.51440430  0.00063530
717.32861330  0.00061430
718.14276120  0.00067380
718.95697020  0.00069990
719.77111820  0.00067420
720.58532710  0.00075780
721.39947510  0.00069570
722.21368410  0.00067710
723.02789310  0.00075940
723.84204100  0.00076520
724.65625000  0.00080590
725.47039790  0.00077650
726.28460690  0.00077760
727.09875490  0.00078830
727.91296390  0.00079830
728.72711180  0.00078620
729.54132080  0.00085160
730.35552980  0.00091450
731.16967770  0.00088930
731.98388670  0.00092210
732.79803470  0.00089790
733.61224370  0.00091120
734.42639160  0.00100310
735.24060060  0.00095120
736.05474850  0.00099390
736.86895750  0.00100490
737.68316650  0.00104160
738.49731450  0.00107770
739.31152340  0.00112820
740.12567140  0.00115750
740.93988040  0.00114970
741.75402830  0.00121150
742.56823730  0.00126220
743.38238530  0.00128110
744.19659420  0.00133420
745.01080320  0.00138360
745.82495120  0.00143520
746.63916020  0.00148810
747.45330810  0.00156490
748.26751710  0.00164010
749.08166500  0.00175350
749.89587400  0.00182640
750.71002200  0.00193540
751.52423100  0.00200260
752.33843990  0.00209550
753.15258790  0.00225320
753.96679690  0.00240310
754.78094480  0.00250470
755.59515380  0.00265400
756.40930180  0.00284010
757.22351070  0.00305200
758.03765870  0.00325200
758.85186770  0.00342640
759.66607670  0.00375260
760.48022460  0.00405570
761.29443360  0.00439810
762.10858150  0.00475660
762.92279050  0.00500540
763.73693850  0.00537530
764.55114750  0.00559540
765.36529540  0.00580630
766.17950440  0.00599650
766.99371340  0.00610790
767.80786130  0.00628720
768.62207030  0.00644770
769.43621830  0.00651660
770.25042720  0.00653430
771.06457520  0.00651190
771.87878420  0.00650930
772.69293210  0.00651940
773.50714110  0.00649270
774.32135010  0.00627050
775.13549800  0.00594650
775.94970700  0.00564190
776.76385500  0.00542620
777.57806400  0.00516510
778.39221190  0.00490170
779.20642090  0.00463350
780.02056880  0.00436610
780.83477780  0.00410230
781.64898680  0.00377830
782.46313480  0.00351250
783.27734380  0.00326870
784.09149170  0.00291720
784.90570070  0.00272150
785.71984860  0.00245120
786.53405760  0.00223430
787.34826660  0.00207790
788.16241460  0.00184290
788.97662350  0.00167130
789.79077150  0.00154450
790.60498050  0.00147100
791.41912840  0.00135570
792.23333740  0.00126620
793.04748540  0.00118940
793.86169430  0.00109520
794.67590330  0.00098160
795.49005130  0.00092100
796.30426030  0.00082610
797.11840820  0.00086380
797.93261720  0.00088890
798.74676510  0.00099620
799.56097410  0.00110760
800.37512210  0.00115290
801.18933110  0.00122940
802.00354000  0.00118760
802.81768800  0.00124630
803.63189700  0.00117000
804.44604490  0.00115170
805.26025390  0.00120670
806.07440190  0.00120970
806.88861080  0.00119480
807.70275880  0.00122250
808.51696780  0.00117670
809.33117680  0.00119540
810.14532470  0.00121870
810.95953370  0.00112640
811.77368160  0.00129720
812.58789060  0.00124470
813.40203860  0.00126100
814.21624760  0.00133900
815.03039550  0.00133260
815.84460450  0.00136370
816.65881350  0.00143870
817.47296140  0.00151870
818.28717040  0.00161590
819.10131840  0.00163640
819.91552730  0.00169800
820.72967530  0.00175970
821.54388430  0.00181880
822.35803220  0.00194680
823.17224120  0.00196570
823.98645020  0.00211460
824.80059810  0.00225310
825.61480710  0.00241950
826.42895510  0.00255260
827.24316410  0.00275560
828.05731200  0.00294270
828.87152100  0.00309510
829.68566890  0.00330140
830.49987790  0.00347220
831.31408690  0.00359580
832.12823490  0.00362690
832.94244380  0.00369380
833.75659180  0.00381000
834.57080080  0.00387270
835.38494870  0.00396050
836.19915770  0.00409390
837.01330570  0.00411370
837.82751460  0.00427600
838.64172360  0.00434400
839.45587160  0.00441820
840.27008060  0.00447230
841.08422850  0.00458420
841.89843750  0.00466540
842.71258540  0.00475810
843.52679440  0.00497330
844.34094240  0.00506900
845.15515140  0.00525680
845.96936040  0.00537400
846.78350830  0.00550170
847.59771730  0.00560700
848.41186520  0.00571460
849.22607420  0.00567270
850.04022220  0.00572010
850.85443120  0.00564950
851.66857910  0.00550830
852.48278810  0.00546150
853.29699710  0.00535550
854.11114500  0.00526160
854.92535400  0.00513540
855.73950200  0.00501230
856.55371090  0.00485890
857.36785890  0.00486980
858.18206790  0.00473650
858.99621580  0.00457240
